Kp_joint    2200  1300  2000  1300  2200  1300  2200  1300
Kv_joint    10    3     10    3     10    3     10    3 
Kp_task     15000 15000 20000
Kv_task     4     4     3
KpE_        100
weight_     1.00  1.00  1.00  1.00  1.00  1.00  1.00  1.00
joy_speed   0.1    0.1    0.3

KPx_ = 1200; KVx_ = 4; KPa_ = 1100; KVa_ = 2; KpE_ = 170;   //  70.0; //  75.0;

Kp_joint    1300 1300 1300 1300 1500 1300 1500 1300
Kv_joint    3    3    3    3    3    3    3    3 
Kp_task     4000  4000  4000
Kv_task     3     3     2
weight_     1.12  1.05  1.02  1.00  1.07  1.00  1.05  1.00
weight_     1.00  1.00  1.00  1.00  1.00  1.00  1.00  1.00

Kp_task     7000    7000    7000
Kv_task     10      10      10



